tmp_loadings <- structure(c(0.0709583286066546, 0.742790271183717, 0.462308774295072, 
                            0.471493001213387, 0.34308092271443, 0.413883702548212, 0.580868605283882, 
                            0.683178825280846, 0.377675622625167, -0.0647085538753242, 0.0628909707344426, 
                            0.164246004462451, 0.0229123004659243, 0.079902810037274, 0.0782859372579934, 
                            0.085612286547821, -0.0927777402199488, 0.7045160424549, -0.133262421200425, 
                            0.239050147478325, -0.0664828123891164, 0.00166699589397331, 
                            0.826896364222882, 0.978586635520869, 1.09831796640975, 0.815707173032946, 
                            1.04620974802175, 0.967426082992625, 0.488418308079904, 0.742592870651137, 
                            0.55871855538107, 0.498472776914512, 0.811990589454755, 0.211325426684787, 
                            0.243872939458556, 0.182206978777933, 0.211918805062511, 0.258866405725525, 
                            0.234130683834656, 0.798536234127699, 0.723710130721413, 0.26691770580562, 
                            0.535108072613011, 0.760318741287029, 0.573864259118734, 0.168764990898148, 
                            0.0121215035114193, 0.165429213576227, 0.00266558161407205, 0.130757244982876, 
                            -0.0272909727220415, -0.0491417141926391, 0.0199711237104706, 
                            0.0606298332034898, -0.0649985223601804, 0.00398680249033056, 
                            -0.0684162392302046, -0.0395522337982016, -0.0266414887398391, 
                            0.150874215720546, 0.11144598269953, 0.0117896429539514, 0.751493590279548, 
                            0.159754810664426, 0.0699363797323326, 0.669091938268115, 0.848038630766483, 
                            0.129477898936504, 0.376435580002009, 0.218325597265193, 0.438712538888508, 
                            0.549308655150118, 0.146961576652867, 0.0483597765052368, 0.466264616037783, 
                            -0.203306708061784, -0.161456633629, -0.577762618468827, 0.744847912752708, 
                            -0.118225879367475, 0.0066793350895237, -0.0624517256246419, 
                            -0.538915941215745, -0.0346866184761392, -0.557189472087937, 
                            0.0323745565378169, 0.0443771964460808, 0.0129182362184222, -0.228705102897015, 
                            -0.216728328981635, -0.104929911181788, -0.210747183360759, 0.0210872893668325, 
                            -0.0541410368870703, 0.0288480994128297, -0.0486050964988858, 
                            -0.0328958193102387, 0.00782106578668762, 0.102552202398851, 
                            0.245871594482019, 0.209186585463584, 0.250219048166112, 0.199585017501532, 
                            0.19034475619854, 0.118152972650857, 0.0590557052646458, -0.0497103583522824, 
                            -0.0180147032109231, 0.117480810192737, 0.026434710764022, 0.0135155441031329, 
                            -0.678218040076199, -0.686107853186927, -0.886766771156776, -0.815897085392763, 
                            -0.130226872082496, -0.0737168748496105, 0.100957532911666, -0.0517198081146742, 
                            0.166244387321859, 0.320628283790175, 0.353949633897885, -0.219324147959907, 
                            0.00940009582220534, 0.606153071616336, -0.0218653142454292, 
                            -0.0721976951778762, -0.106956315352605, 0.0606582392326557, 
                            -0.0351873062110215, -0.033489321030194, -0.183798252488164, 
                            0.0520330144830606, 0.0383399983562474, 0.147575230017437, 0.203241559513086, 
                            0.112649506869327, 0.0831280247453905, 0.133461391652563, 0.13054320566375, 
                            0.262914006746869, 0.517487320506401, 0.35770802685045, 0.311674316554986, 
                            -0.0505520940759147, 0.78081782785645, 0.854651923478003, 0.693598671271821, 
                            0.181836786454058, -0.00364193390310671, 0.524647800823674, 0.570469491726415, 
                            0.844320166786133, 0.841234057774717, -0.219127739557722, -0.239617450050176, 
                            -0.255020873018074, 0.0653564787350719, -0.179903438614312, -0.0296409377437145, 
                            0.132391228512976, 0.115514563084893, 0.127746368625839, 0.0585461969375121, 
                            0.158957819175521, 0.138427061049537, 0.153704353169354, 0.309894209433024, 
                            0.00488108791484099, -0.0147571827309174, 0.246076253261023, 
                            0.0319145841403736, 0.189964467442879, -0.0161436358321857, 0.00497853097162029, 
                            -0.194131652653975, 0.097983852153977, 0.27604113545291, -0.00833555994026173, 
                            0.000297360781392483, -0.0661849699407639, 0.0475862676911175, 
                            0.206877594518704, -0.175519087668833, 0.0280972506912337, 0.123146730153523, 
                            0.0617849055417989, 0.214729893705716, 0.115792623832338, -0.235317774567222, 
                            0.195883142516234, 0.107021552447086, -0.238551795924442, -0.152560354387756, 
                            0.106422141873925, 0.448666128753358, 0.280909279284555, -0.0635759183647582, 
                            -0.0281186975234222, 0.132475034543923, -0.0435021617100943, 
                            0.110585756802175, 0.255420420545472, -0.134345835949576, 0.133031766429363, 
                            0.0877730179617006, -0.0316281687559245, -0.0853344273385068, 
                            0.298411719934813, 0.12307579736718, -0.0151157366581886, -0.155353620979513, 
                            -0.19476579103751, -0.00483836819161196, 0.0762387138025204, 
                            0.227357491720471, -0.0314780011993432, 0.0181348907537283, -0.0329497236108061, 
                            -0.0832951840320478, 0.192554953267368, 0.0805397542423976, -0.0365758289692208, 
                            -0.00646103241277399, -0.248648128782721, -0.35094742670618, 
                            0.172845246746227, -0.0298569561966388, -0.0178278597367065, 
                            0.170447797199551, -0.353379607915198, 0.0680689415393814, 0.0473958978151461, 
                            -0.14944685805093, -0.0238159417289392, 0.151729568548416, -0.137368954744904, 
                            0.0259094020049766, -0.0424035733284664, 0.0309506715465806, 
                            -0.0925135757617623, 0.237283131572852, 0.0515821005725273, -0.0746785617611127, 
                            0.0970879985935234, -0.0879260267414595, -0.0220981068891235, 
                            -0.39877176587911, 0.0210061769715324, -0.0680527829412731, -0.216249356942568, 
                            -0.239130431466504, 0.126229329071794, 0.215485064312856, 0.0699527680557378, 
                            0.00506172135520049, 0.146579854716781, 0.519474012600631, 0.617109152031078, 
                            0.71763630906268, -0.30498741784921, 0.274500014007795, 0.477016355554416, 
                            0.213804400219, -0.0610059494860005, -0.0304638131847725, 0.016086194015556, 
                            0.0229063363837134, 0.0188948141016602, -0.120841008716656, 0.0472594684537223, 
                            0.0400056708716228, -0.0593050509075606, 0.0866792197879745, 
                            0.176091325161145, -0.0897067284672662, 0.117458607551793, -0.091177785433668, 
                            -0.132638301405646, -0.00480070482155671, -0.0747161995068404, 
                            0.131978842944221, 0.00754737086491176, 0.00349965878125488, 
                            -0.0718830603565667, -0.0653282928900531, -0.0161045913420262, 
